702900
705600
138195
135180
207270
233460
171225
147195
1133100
1217250
1139850
526950
535500
15381000
15876000
16398000
17302500
17055000
15327000
16645500
14719500
15930000
15601500
17550000
15849000
16807500
16096500
16533000
14476500
14445000
15462000
16177500
16038000
15187500
15462000
13374000
13968000
16560000
27108000
26779500
28620000
28044000
27630000
90135
83250
2901150
2163150
2540700
193545
155340
895950
805950
135630
137340
1639350
1860750
1939950
1932750
1460700
562050
576000
771750
816300
21753000
21424500
21919500
23539500
177255
145485
1660050
1596600
126180
112860
500400
447165
861750
873900
1666800
1517400
12100500
12262500
14364000
10876500
12469500
12402000
13554000
13185000
107280
106875
251910
222750
67365
76815
154485
149355
208980
216720
571500
522000
121860
124875
5197500
17743500
9243000
10174500
8842500
5611500
16780500
14859000
14859000
15133500
14337000
16150500
17442000
14476500
19390500
16038000
16398000
14256000
14202000
17550000
17523000
16699500
16618500
15381000
17221500
15655500
15025500
15489000
12717000
16312500
17140500
16285500
15849000
14859000
17028000
13909500
15736500
15930000
14611500
16371000
16893000
15795000
18648000
11812500
15574500
14170500
14089500
17689500
15300000
16371000
14170500
15381000
13635000
14665500
19993500
14143500
15462000
16204500
14778000
19255500
14611500
14530500
16285500
13126500
15273000
16591500
16893000
15547500
12262500
16591500
17388000
17469000
13882500
15574500
13059000
12757500
14805000
15435000
13500000
15516000
14832000
15408000
13761000
16753500
14283000
15354000
12676500
15547500
16452000
16371000
14859000
17415000
14665500
13707000
16645500
15381000
17964000
18459000
16807500
15435000
16398000
15655500
16452000
15574500
16285500
15547500
16618500
15547500
15187500
16645500
15489000
14940000
15079500
17577000
13747500
14611500
12703500
14859000
16204500
15327000
13621500
14283000
13761000
15984000
17851500
17878500
16123500
15849000
15876000
18346500
13594500
12771000
13594500
17797500
15709500
13882500
14859000
17851500
13086000
15822000
14832000
14638500
16285500
13648500
15025500
18072000
16204500
15354000
14638500
16834500
16038000
14116500
15628500
13909500
15876000
13855500
17851500
14008500
14062500
13995000
15763500
15795000
15682500
17221500
12991500
16672500
16150500
17388000
15655500
15655500
17221500
15655500
16011000
15160500
17851500
14364000
12537000
13882500
413280
348030
384525
395235
323595
271665
372060
360045
275940
333450
355770
32247000
32026500
31693500
60930
62640
81540
78525
51480
61380
1987650
715050
11205000
10435500
11767500
81090
84105
2849400
64800
74250
97830
100440
62235
53235
35190
28323
414990
306855
379350
3865950
4147200
2876850
5247000
4594500
5899500
6264000
6322500
4567500
6228000
7182000
5814000
6133500
6858000
4236750
8253000
5260500
6075000
6192000
5859000
4572000
5458500
6880500
6885000
6633000
7375500
6205500
5886000
5062500
6291000
6061500
6633000
4801500
5850000
4999500
4277700
6250500
6529500
5062500
6642000
6871500
6043500
4414950
6201000
6318000
6043500
6061500
4882500
4567500
4236750
5287500
5337000
5679000
5548500
6295500
5769000
7128000
5733000
5512500
5899500
6552000
4058100
4599000
5814000
6475500
4608000
4972500
4387500
5076000
6930000
6241500
7609500
5260500
5926500
5238000
5031000
5850000
5823000
7569000
4828500
4612500
6264000
6790500
5103000
6345000
7470000
8118000
7114500
7650000
7128000
6003000
5809500
5782500
6291000
7128000
4657500
5940000
9378000
6714000
7128000
6867000
5458500
5107500
4599000
4277700
7195500
5670000
4209300
5976000
7290000
6057000
7402500
8172000
5904000
6714000
6120000
7524000
5638500
6448500
5931000
3989250
4414950
5247000
6160500
6813000
5323500
6048000
6138000
6097500
6885000
7308000
7029000
6070500
5814000
7537500
5148000
7222500
7182000
5220000
6948000
6687000
5431500
6178500
5431500
4612500
5404500
6988500
6421500
4833000
5004000
3402450
6057000
4779000
5616000
6174000
6331500
5512500
7335000
8694000
6277500
7524000
5575500
7812000
7992000
5526000
6363000
4702500
4325850
6363000
6255000
5539500
4819500
5926500
6754500
5404500
6426000
5130000
7047000
5539500
4305150
5436000
4729500
5301000
5890500
5170500
6853500
6529500
6844500
3906900
7236000
5382000
7155000
5233500
6345000
6885000
6363000
8059500
7443000
6214500
7222500
6133500
7429500
4963500
6736500
6160500
6358500
8869500
6462000
4639500
6084000
6943500
7623000
6655500
6264000
7029000
6435000
6777000
6160500
6930000
5863500
5944500
5899500
7416000
5859000
6727500
6448500
6700500
6516000
4873500
5566500
6786000
5787000
6075000
7456500
6750000
5526000
7897500
6502500
7537500
5890500
6817500
6201000
4367250
6363000
7965000
6489000
6538500
5211000
5602500
6916500
5787000
6030000
6120000
5481000
6831000
6277500
5292000
6043500
7551000
7704000
6970500
7924500
6570000
7623000
3955050
6696000
7168500
4483800
4945500
5157000
6408000
7951500
6597000
6943500
6669000
5418000
7182000
7362000
5211000
4855500
5535000
7195500
7429500
6412500
8347500
4801500
8158500
7938000
5418000
6934500
8788500
6192000
5584500
6448500
5454000
7623000
5967000
7663500
4909500
6214500
6255000
7704000
6147000
7429500
5958000
7663500
6147000
5976000
6030000
6160500
5548500
5638500
6106500
5800500
6151500
7812000
5872500
1508850
77265
112455
96570
94005
101295
96120
11754000
791550
846450
863550
971550
47700000
2739600
1505250
8347500
14120775
329580
361350
4779000
4990500
4497750
4581000
78975
76815
5116500
30541500
27823500
24610500
23760000
28507500
27328500
31806000
27769500
26779500
31419000
30982500
36531000
29884500
26640000
24444000
27162000
26284500
30375000
30870000
30100500
23373000
30267000
24772500
26230500
22522500
30762000
27796500
26118000
31090500
31203000
23152500
25267500
28674000
33727500
29884500
28125000
31585500
27081000
30213000
27877500
23044500
31914000
29443500
36639000
28453500
29826000
28620000
30046500
26946000
30046500
27274500
38232000
22441500
26779500
28291500
33012000
25735500
27027000
25708500
30816000
26064000
23152500
24525000
21339000
28840500
32463000
35761500
27027000
27382500
28453500
26640000
30928500
89280
4490550
4483800
4394700
5157000
233460
212850
21613500
57510
74250
79380
83700
74250
17851500
702900
460800
212850
181125
419715
405540
399960
55800
44203.5
36049.5
3127500
379350
449775
5278500
5526000
5728500
5769000
6088500
5458500
1854000
1970550
1771650
1725300
2052900
2060100
30159000
34330.5
56655
49365
50220
54090
54945
51480
54495
51075
31756.5
17878500
16780500
17824500
19804500
17523000
18895500
17716500
18486000
21312000
14584500
19143000
17577000
18373500
19116000
19363500
1957050
5103000
4497750
35190
178965
1069650
1016100
1043550
950850
2592000
2022300
62640
1002600
2842650
1728450
801450
7362000
2011950
1356300
1723500
613800
612900
779400
1048950
18648000
81090
81540
73395
81090
981900
1066050
1138050
776700
1125900
18022.5
16308
17595
14589
11587.5
12874.5
13734
21456
11587.5
11160
13734
14161.5
12874.5
20169
12447
21028.5
12015
19314
13734
16735.5
11587.5
12874.5
10300.5
126585
311985
333900
14967000
6772500
8199000
13293000
9679500
3141450
3312900
8883000
1191150
1575900
1836900
1211850
17523000
11767500
10737000
10381500
10012500
12087000
15876000
10026000
11191500
10782000
7389000
7537500
7470000
8707500
4729500
7690500
6309000
6826500
9751500
7335000
7321500
6804000
6934500
7569000
8941500
7731000
8626500
9999000
5512500
7690500
6826500
6565500
7308000
7456500
6858000
7663500
8226000
7443000
8059500
7992000
8005500
11794500
7443000
6097500
7416000
7510500
7951500
8595000
9423000
8253000
8212500
6381000
7609500
7047000
5850000
6219000
6399000
8968500
9175500
8145000
6804000
9504000
7308000
8005500
8320500
9612000
6984000
6070500
6372000
6840000
7717500
6903000
7551000
8239500
7843500
8694000
7222500
8694000
6345000
7362000
8883000
7897500
8365500
5773500
5130000
8365500
6462000
7771500
6165000
5481000
6241500
6813000
6624000
5292000
9571500
8761500
5742000
9697500
7524000
6655500
8914500
7429500
6763500
8073000
6880500
8086500
8334000
7744500
6030000
7497000
7074000
6448500
7375500
8815500
6205500
7416000
7168500
7870500
9049500
7002000
7456500
8059500
6295500
6930000
8608500
6075000
8527500
7222500
7429500
9130500
